;$Id: kE_last.pro,v 1.1 2016/10/31 03:48:01 brandenb Exp $
orig_timestr='161031.0441'
t_last=      54.5981
EK_last=  9.12622e-05
kK_last=      9.66061
EM_last=   0.00119418
kM_last=      6.34844
