;$Id: kE_last.pro,v 1.1 2016/11/01 23:19:35 brandenb Exp $
orig_timestr='161102.0018'
t_last=      29.9641
EK_last=  0.000555375
kK_last=      7.97300
EM_last=   0.00947827
kM_last=      5.69119
